标称截面
6 16 33 50 70 95 120 150 185 240
标称截面 1.5 346
33 50
120 150 185 240
346s 3 50 70 95 120 150 185 240
标称截面 6 10 16
35 50 70 95 120 150 185 240
BV 1918 3059 4861 7284 12168 19486 30488 42994 57967 82641 114075 145340 179985 224770 300820
1芯 YJV
13334 22032 34033 52322 68501 92242 131673 182462 229287 282978 353502 463962
YJLHV 57490 88635 110445 151961 215859 297817 381874 456949 580763 756311
1 47069 63812 82766 114672 140260 189856 243559 310214 368339 443840 556616 699403
聚氯乙烯绝缘电线（GB5023）
BVR 2028 3262 5256 7909 13520 20550 32921 45208 61685 91598 125567 156325 186069 238290 316875
YJLHV 47646 73251 95901 129138 184343 255446 321001 396170 494902 649548
YJLHV22 60476 92309 114180 159179 223722 306384 391483 468109 593678 771107
2芯 107722 152580 206915 295051 393611 573359 734783 937275 1111968 1338468 1703649 2139907
BLV 454 646 915 1522 2252 3481 4672 8031 11202 15301 19832 24175 29953
BVVB2芯 3056 4286 6754 10772 15373 27031
湖南湘江电缆有限公司产品价格表
单位：元/km
YJV、YJV228.7/15KV铜芯（铠装）
、交联中压电力电缆
BVVB3芯 5294 7480 11866 18325 27069 45659
ZR-RVS
2*0.75 291 2*1.5 2*2.5
39333
YJV（YJV22）
YJLHV22 52686 75654 102340 139910 196234 271855 347490 427185 527530 683691
(3+1
YJLHV YJV 14567 22442 32471 52107 82129 126621 157778 217087 308369
425454 545533 652783 829661
3芯
YJV 8154 12217 18786 26668 44064 68065 104645 137002 184483 263346 364923 458574 565956 707004 927924
（YJLHV2）
YJV2 19365 25453 35768 55857 86394 131871 163115 227399 319604 437691 559261 668728 848111
1080444
1101581 WDZNA-BTTYJ WDZNA-BTTYJ
4芯 124114 185240 273597 388921 498545 667655 903829 1230360
5芯 164359 241145 329494 469424 613887 809571 1101090 1509655
1886 2479 3758 5955
标称截面
35 95 120 150 185 240 300
YJLV228.7/15KV铝芯交联聚氯乙烯电力电缆
单芯 69451 87221
YJV
3芯
205806 259548
116745 148968 182207 219452 268398 344393 424784
分支头单芯16~35 单芯50~95 单芯120185
348054 445401 545045 657593 804383 1033159 1275546 元/个 155 224 319
YJV22 3芯 221346 276580 366834 465386 566719 680524 829253 1060552 1317789
YJLVn 3芯 102731 114574 130902 143447 159545 177152 198164 229564 274530
分支头多芯1635 多芯50~95 多芯120185
多芯240300
单芯240~300
428
0.6/1KV铜芯（铠装）交联聚氯乙烯绝缘聚氯乙烯护套电力电缆
YIVa 11798 16955 24718 35324 48602 75266 108077 146199 199871 280333 388363 496414 610264 753614 976700
YJLHV 63098 97149 127075 171022 244989 339511 426846 526846 659737 865277
4芯
YJLHV22 65371 98253 134048 163735 232986 319543 401656 494358
617302 806806
0.6/1KV铝合金芯（铠装）交联聚氟乙烯绝维
(3+2)
YJLHV 67387 104078 125356 175276 247637 341051 443496 518591 664866 863087
YJLHV22 70593 108012 132496 182996 256328 351238 454705 531694 679704 880157
（WDZNA-BTLYJ）铜护套
3+2芯 140039 193120 298169 411958 497160 681558 905212 1243952 1565723 1817468 2262499 2868278
4+1芯 138000 204437 313832 445348 555525 741126 1003110 1376812 1707553 2034504 2517615 3207324
YJV 18109 26131 38306 60243 96266 148684 179080 250396 353768 487217 633567 740844 949807 1232981
铝护套） 1芯 27521 41470 59566 89349 116116 151983 214396 284648 343252 424424 521976 672308
YJV
10485 15917 24634 35101 58208 90139 138784 181536 244316 349983 485014 609779 752636
942482 1236110
YJV2 13608 19757 28870 40875 60912 93387 140361 191498 233906 332838 456490 573794 706225 881860 1152580
户套电力电缆
豪聚氯乙烯护
YJV2 23397 29319 41838 64207 100846 154302 189280 261422 366183 501768 649579 759561 971005 1257367
YJLHV 72978 112572 141985 194557 277025 382802 488593 588371 743902 971480
YJLHV 78572 121228 158750 213857 306433 424605 533645 658161 822966 1079961
JKLYJ架空电缆
JKLYJ
1KV 4482 5897 8221 10495 13033 16068 20132 26238
元/个 732 965 1242 1574
5芯
YJLHV22 86429 133350 174625 235243 337077 467065 587010 723978 905263 1187957
(4+1)
YJLHV22 76271 119881 149191 202275 285715 392986 499798 601472 758740 988550
柔性矿物质绝缘电缆
WDZNA-BTLYI
2芯 73138 113477 168142 255983 339300 437034 616356 821340 988767 1221831 1505439 1936467
4芯 111701 166716 246237 350029 448690 600890 813446 1107324
5芯 147923 217031 296546 422481 552499 728614 990981 1358689
YJV 18675 28284 40915 66307 104254 160817 202835 277937 395750 546861 697990 840529 1062716 1387828
3+2芯 126034 173809 268353 370763 447444 613401 814692 1119556 1409151 1635721 2036250 2581450
10KV 7245 8988 11695 13853 16676 19778 23858 30025
YJV 12874 19644 30475 43553 72328 112246 173182 226785 305509 437762 606579 762350 940230 1175667 1542801
YIV2 24726 31559 44496 70399 108958 171258 213130 288964 408165 561409 713998 859245 1083914 1412213
4+1芯 124199 183993 282448 400812 499972 667014 902798 1239130 1536798 1831054 2265853 2886590
注：阻燃型按相应型号价格A类上浮10%，BC类上浮5%，低烟无卤按以上价格上浮20%，
耐火型按以上价格上浮40%执行，WDZB1按WDZ价格上浮20%，
WDZNA-BTYJ按WDZNA-BTLYJ下浮8%，设计开发并订做各种预制分支电缆、控制电缆、高压、交联电缆、辐照电缆、各种电缆等产品。
54
WWW.ZGJCT.COM
获取造价信息请扫描
或加微信zjxxqk（造价信息期刊头拼音）
只