湖南湘江电缆有限公司产品价格表 单位：元/km
标称 聚氯乙烯绝缘电线（GB5023） YJV、YJV228.7/15KV铜芯（铠装） 、交联中压电力电缆
截面 BV BVR BLV BVVB2芯 BVVB3芯 标称 YJLV228.7/15KV铝芯交联聚氯乙烯电力电缆
3056 5294 截面 YJV YJV22 YJLVn JKLYJ架空电缆
JKLYJ
1918 2028 4286 7480 单芯 3芯 3芯 3芯 1KV 10KV
3059 3262 454 6754 11866 35 69451 205806 221346 102731 4482 7245
4861 5256 646 10772 18325 87221 259548 276580 114574 5897 8988
6
7284 7909 915 15373
12168 13520 1522 27031 27069 95 116745 348054 366834 130902 8221 11695
148968 143447
16 19486 20550 2252 45659 120 182207 445401 465386 159545 10495 13853
33
30488 32921 3481 219452 545045 566719 13033 16676
42994 45208 4672 150 268398 657593 680524 177152 16068 19778
185 198164
50 57967 61685 8031 ZR-RVS 240 344393 804383 829253 229564 20132 23858
70 82641 91598 11202 2*0.75 1886 300 424784 1033159 1060552 274530 26238 30025
1275546 1317789
95 114075 125567 15301 291 2479 分支头 元/个 分支头 元/个
120 145340 156325 19832 2*1.5 3758 单芯16~35 155 多芯1635 732
150 179985 186069 24175 2*2.5 5955 单芯50~95 224 多芯50~95 965
185 224770 238290 29953 单芯120185 319 多芯120185 1242
240 300820 316875 39333 单芯240~300 428 多芯240300 1574
YJV（YJV22） 0.6/1KV铜芯（铠装）交联聚氯乙烯绝缘聚氯乙烯护套电力电缆
标称 1芯 5芯
3芯 4芯
截面 YJV YJLHV YJLHV22 YJV YIVa YJLHV YJLHV22 YJV YJV2 YJLHV YJLHV22 YJV
1.5 8154 11798 10485 13608 12874
346
12217 15917 19757 19644
16955
18786
13334 26668 24718 24634 28870 30475
35324 35101 40875
22032 44064 48602 58208 60912 43553
72328
34033 47646 52686 68065 75266 65371 90139 93387 78572 86429 112246
33
52322 73251 75654 104645 108077 63098 98253 138784 140361 121228 133350 173182
68501 95901 102340 137002 146199 97149 134048 174625
127075
50 92242 129138 139910 184483 199871 171022 163735 181536 191498 158750 235243 226785
244316 233906 213857
131673 184343 196234 263346 280333 244989 232986 349983 332838 306433 337077 305509
182462 255446 271855 364923 388363 339511 319543 485014 456490 424605 437762
120 229287 321001 347490 458574 496414 426846 401656 609779 573794 533645 467065 606579
587010 762350
150 282978 396170 427185 565956 610264 526846 494358 752636 706225 658161 723978 940230
185 353502 494902 527530 707004 753614 659737 617302 942482 881860 822966 905263 1175667
240 463962 649548 683691 927924 976700 865277 806806 1236110 1152580 1079961 1187957 1542801
户套电力电缆
YJLHV（YJLHV2） 0.6/1KV铝合金芯（铠装）交联聚氟乙烯绝维
豪聚氯乙烯护
(3+2)
(3+1 (4+1)
YJLHV YJLHV22 YJV YJV2 YJLHV YJLHV22 YJV YJV2 YJLHV YJLHV22 YJV
YIV2
346s
14567 19365 18109 23397 18675 24726
22442 25453 26131 29319 28284 31559
32471 35768 38306 41838 44496
52107 55857 60243 64207 40915 70399
66307
57490 60476 82129 86394 67387 70593 96266 100846 72978 76271 104254 108958
3
88635 92309 126621 108012 148684 154302
110445 114180 157778 131871 104078 179080 189280 112572 119881 160817 171258
163115 125356 141985
50 151961 159179 217087 227399 175276 132496 250396 261422 194557 149191 202835 213130
182996 202275 288964
70 215859 223722 308369 319604 256328 285715 277937
95 297817 306384 425454 437691 247637 351238 353768 366183 277025 392986 395750 408165
341051 487217 501768 382802 546861 561409
120 381874 391483 545533 559261 443496 454705 633567 649579 488593 499798 697990 713998
150 456949 468109 652783 668728 518591 531694 740844 759561 588371 601472 840529 859245
185 580763 593678 829661 848111 664866 679704 949807 971005 743902 758740 1062716 1083914
240 756311 771107 1080444 1101581 863087 880157 1232981 1257367 971480 988550 1387828 1412213
WDZNA-BTTYJ（WDZNA-BTLYJ）铜护套铝护套）
标称 WDZNA-BTTYJ 柔性矿物质绝缘电缆 WDZNA-BTLYI
截面 1 2芯 4芯 5芯 3+2芯 4+1芯 1芯 2芯 4芯 5芯 3+2芯 4+1芯
6 47069 107722 124114 164359 140039 138000 27521 73138 111701 147923 126034 124199
10 63812 152580 185240 241145 193120 204437 41470 113477 166716 217031 173809 183993
16 82766 206915 273597 329494 298169 313832 59566 168142 246237 296546 268353 282448
114672 295051 388921 469424 411958 445348 89349 350029 400812
35 140260 393611 498545 613887 497160 555525 116116 255983 448690 422481 370763 499972
339300 552499 447444
50 189856 573359 667655 809571 681558 741126 151983 437034 600890 728614 613401 667014
70 243559 734783 903829 1101090 905212 1003110 214396 616356 813446 990981 814692 902798
95 310214 937275 1230360 1509655 1243952 1376812 284648 821340 1107324 1358689 1119556 1239130
120 368339 1111968 1565723 1707553 343252 988767 1536798
150 443840 1338468 1817468 2034504 424424 1221831 1409151 1831054
185 556616 1703649 2262499 2517615 521976 1505439 1635721 2265853
2036250
240 699403 2139907 2868278 3207324 672308 1936467
2581450 2886590
注：阻燃型按相应型号价格A类上浮10%，BC类上浮5%，低烟无卤按以上价格上浮20%，耐火型按以上价格上浮40%执行，WDZB1按WDZ价格上浮20%，
WDZNA-BTYJ按WDZNA-BTLYJ下浮8%，设计开发并订做各种预制分支电缆、控制电缆、高压、交联电缆、辐照电缆、各种电缆等产品。
54 只
获取造价信息请扫描
WWW.ZGJCT.COM 或加微信zjxxqk（造价信息期刊头拼音）